[gd_scene load_steps=10 format=2]

[ext_resource path="res://Level/DALL·E 2022-08-10 19.46.54 - grass texture (2).png" type="Texture" id=1]
[ext_resource path="res://Level/Level.gd" type="Script" id=2]
[ext_resource path="res://Level/DuckSpawner.tscn" type="PackedScene" id=3]
[ext_resource path="res://Player/DoubleBarrelShotgun.tscn" type="PackedScene" id=4]
[ext_resource path="res://Assets/Tree/Tree.tscn" type="PackedScene" id=5]

[sub_resource type="SpatialMaterial" id=1]
albedo_color = Color( 0.211765, 0.4, 0.184314, 1 )
albedo_texture = ExtResource( 1 )
uv1_scale = Vector3( 0.2, 0.2, 0.2 )
uv1_triplanar = true

[sub_resource type="SpatialMaterial" id=5]
albedo_color = Color( 0.411765, 0.223529, 0.164706, 1 )

[sub_resource type="ProceduralSky" id=3]

[sub_resource type="Environment" id=2]
background_mode = 3
background_sky = SubResource( 3 )
background_color = Color( 0.486275, 0.647059, 0.898039, 1 )
ambient_light_color = Color( 0.0862745, 0.105882, 0.105882, 1 )
fog_color = Color( 0.619608, 0.619608, 0.423529, 1 )
fog_sun_color = Color( 0.898039, 0.756863, 0.32549, 1 )
fog_depth_end = 200.0

[node name="Level" type="Spatial"]
script = ExtResource( 2 )

[node name="Blocks" type="Spatial" parent="."]

[node name="CSGBox" type="CSGBox" parent="Blocks"]
transform = Transform( 1, 0, 0, 0, 1, 0, 0, 0, 1, 0, -3.67218, -17.3095 )
use_collision = true
width = 176.136
depth = 53.998
material = SubResource( 1 )

[node name="CSGBox2" type="CSGBox" parent="Blocks"]
transform = Transform( 1, 0, 0, 0, 0.995862, -0.0908759, 0, 0.0908759, 0.995862, 0, -3.99258, -19.5357 )
use_collision = true
width = 284.807
depth = 53.998
material = SubResource( 1 )

[node name="Trees" type="Spatial" parent="Blocks"]
visible = false

[node name="CSGCylinder" type="CSGCylinder" parent="Blocks/Trees"]
transform = Transform( 1, 0, 0, 0, 3.99, 0, 0, 0, 1, 7, -2, -8 )
height = 2.0
material = SubResource( 5 )

[node name="CSGCylinder5" type="CSGCylinder" parent="Blocks/Trees"]
transform = Transform( 1, 0, 0, 0, 3.99, 0, 0, 0, 1, 5, -4, 2 )
height = 2.0
material = SubResource( 5 )

[node name="CSGCylinder2" type="CSGCylinder" parent="Blocks/Trees"]
transform = Transform( 1, 0, 0, 0, 3.99, 0, 0, 0, 1, 14, 1, -17 )
height = 2.0
material = SubResource( 5 )

[node name="CSGCylinder3" type="CSGCylinder" parent="Blocks/Trees"]
transform = Transform( 1, 0, 0, 0, 3.99, 0, 0, 0, 1, -18, 1, -17 )
height = 2.0
material = SubResource( 5 )

[node name="CSGCylinder4" type="CSGCylinder" parent="Blocks/Trees"]
transform = Transform( 1, 0, 0, 0, 3.99, 0, 0, 0, 1, -10, -4, -6 )
height = 2.0
material = SubResource( 5 )

[node name="Trees2" type="Spatial" parent="Blocks"]

[node name="WorldEnvironment" type="WorldEnvironment" parent="Blocks/Trees2"]
environment = SubResource( 2 )

[node name="Tree" parent="Blocks/Trees2" instance=ExtResource( 5 )]
transform = Transform( 0.827247, 0, 0.561838, 0, 1, 0, -0.561838, 0, 0.827247, -12.2452, -2.30127, 0 )

[node name="Tree2" parent="Blocks/Trees2" instance=ExtResource( 5 )]
transform = Transform( 0.932191, 0, 0.361966, 0, 1, 0, -0.361966, 0, 0.932191, 11.6166, -2.30127, 2.78308 )

[node name="Tree3" parent="Blocks/Trees2" instance=ExtResource( 5 )]
transform = Transform( 0.942443, 0, -0.334366, 0, 1, 0, 0.334366, 0, 0.942443, 9.54862, -2.85794, -44.4128 )

[node name="Tree4" parent="Blocks/Trees2" instance=ExtResource( 5 )]
transform = Transform( 0.896185, 0, -0.443681, 0, 1, 0, 0.443681, 0, 0.896185, 18.0381, -3.33837, -31.0381 )

[node name="Tree5" parent="Blocks/Trees2" instance=ExtResource( 5 )]
transform = Transform( 0.932191, 0, 0.361966, 0, 1, 0, -0.361966, 0, 0.932191, -36.3244, -2.30127, -47.7376 )

[node name="Tree6" parent="Blocks/Trees2" instance=ExtResource( 5 )]
transform = Transform( 0.736215, 0, 0.676747, 0, 1, 0, -0.676747, 0, 0.736215, -21.5543, -3.58609, -40.2262 )

[node name="Tree7" parent="Blocks/Trees2" instance=ExtResource( 5 )]
transform = Transform( 0.640137, 0, 0.768261, 0, 1, 0, -0.768261, 0, 0.640137, -6.70279, -2.30127, -43.4766 )

[node name="Tree14" parent="Blocks/Trees2" instance=ExtResource( 5 )]
transform = Transform( 0.640137, 0, 0.768261, 0, 1, 0, -0.768261, 0, 0.640137, 1.73859, -3.7633, -47.3308 )

[node name="Tree15" parent="Blocks/Trees2" instance=ExtResource( 5 )]
transform = Transform( 0.640137, 0, 0.768261, 0, 1, 0, -0.768261, 0, 0.640137, -15.1616, -1.72382, -47.3308 )

[node name="Tree16" parent="Blocks/Trees2" instance=ExtResource( 5 )]
transform = Transform( 0.640137, 0, 0.768261, 0, 1, 0, -0.768261, 0, 0.640137, 18.5634, -2.93265, -47.3308 )

[node name="Tree17" parent="Blocks/Trees2" instance=ExtResource( 5 )]
transform = Transform( 0.640137, 0, 0.768261, 0, 1, 0, -0.768261, 0, 0.640137, 14.0011, -1.69835, -67.2195 )

[node name="Tree18" parent="Blocks/Trees2" instance=ExtResource( 5 )]
transform = Transform( 0.640137, 0, 0.768261, 0, 1, 0, -0.768261, 0, 0.640137, -3.55842, -2.30127, -74.6927 )

[node name="Tree19" parent="Blocks/Trees2" instance=ExtResource( 5 )]
transform = Transform( 0.640137, 0, 0.768261, 0, 1, 0, -0.768261, 0, 0.640137, -3.55842, -9.10379, -25.0191 )

[node name="Tree20" parent="Blocks/Trees2" instance=ExtResource( 5 )]
transform = Transform( 0.640137, 0, 0.768261, 0, 1, 0, -0.768261, 0, 0.640137, 12.359, -9.10379, -36.1133 )

[node name="Tree21" parent="Blocks/Trees2" instance=ExtResource( 5 )]
transform = Transform( 0.640137, 0, 0.768261, 0, 1, 0, -0.768261, 0, 0.640137, -7.45764, -9.10379, -36.1133 )

[node name="Tree22" parent="Blocks/Trees2" instance=ExtResource( 5 )]
transform = Transform( 0.640137, 0, 0.768261, 0, 1, 0, -0.768261, 0, 0.640137, 18.1072, -9.10379, -10.9331 )

[node name="Tree23" parent="Blocks/Trees2" instance=ExtResource( 5 )]
transform = Transform( 0.640137, 0, 0.768261, 0, 1, 0, -0.768261, 0, 0.640137, 9.68652, -10.0886, -12.9365 )

[node name="Tree24" parent="Blocks/Trees2" instance=ExtResource( 5 )]
transform = Transform( 0.191666, 0, 0.98146, 0, 1, 0, -0.98146, 0, 0.191666, -7.01301, -10.1082, -2.10046 )

[node name="Tree8" parent="Blocks/Trees2" instance=ExtResource( 5 )]
transform = Transform( 0.932191, 0, 0.361966, 0, 1, 0, -0.361966, 0, 0.932191, 27.3747, -2.87823, -41.4839 )

[node name="Tree9" parent="Blocks/Trees2" instance=ExtResource( 5 )]
transform = Transform( 0.932191, 0, 0.361966, 0, 1, 0, -0.361966, 0, 0.932191, 28.7472, -2.30127, -27.3718 )

[node name="Tree13" parent="Blocks/Trees2" instance=ExtResource( 5 )]
transform = Transform( 0.997926, 0, 0.0643755, 0, 1, 0, -0.0643755, 0, 0.997926, 23.716, -3.07746, -15.3119 )

[node name="Tree10" parent="Blocks/Trees2" instance=ExtResource( 5 )]
transform = Transform( 0.932191, 0, 0.361966, 0, 1, 0, -0.361966, 0, 0.932191, -29.9908, -2.84134, -27.3718 )

[node name="Tree11" parent="Blocks/Trees2" instance=ExtResource( 5 )]
transform = Transform( 0.783108, 0, 0.621886, 0, 1, 0, -0.621886, 0, 0.783108, -24.0775, -3.26949, -11.4036 )

[node name="Tree12" parent="Blocks/Trees2" instance=ExtResource( 5 )]
transform = Transform( 0.941964, 0, 0.335715, 0, 1, 0, -0.335715, 0, 0.941964, -15.0354, -2.30127, -25.9318 )

[node name="Camera" type="Camera" parent="."]
transform = Transform( 1, 0, 0, 0, 1, 0, 0, 0, 1, 0, 1.92419, 9.42473 )
current = true

[node name="DirectionalLight" type="DirectionalLight" parent="."]
transform = Transform( 1, 0, 0, 0, 0.894412, 0.447244, 0, -0.447244, 0.894412, 0, 18.3269, 7.38587 )
light_color = Color( 0.909804, 0.886275, 0.290196, 1 )

[node name="GunPivot" type="Position3D" parent="."]
transform = Transform( -4.37114e-08, 0, 1, 0, 1, 0, -1, 0, -4.37114e-08, 0, 0.927162, 7.5818 )

[node name="DoubleBarrelShotgun" parent="GunPivot" instance=ExtResource( 4 )]
transform = Transform( 4, 0, 0, 0, 4, 0, 0, 0, 4, 0, 0, 0 )

[node name="DuckSpawner" parent="." instance=ExtResource( 3 )]

[connection signal="duck_spawned" from="DuckSpawner" to="." method="_on_DuckSpawner_duck_spawned"]
