[gd_scene load_steps=12 format=2]

[ext_resource path="res://Level/DALL·E 2022-08-10 19.46.54 - grass texture (2).png" type="Texture" id=1]
[ext_resource path="res://Level/Level.gd" type="Script" id=2]
[ext_resource path="res://Level/DuckSpawner.tscn" type="PackedScene" id=3]
[ext_resource path="res://Player/DoubleBarrelShotgun.tscn" type="PackedScene" id=4]
[ext_resource path="res://Assets/Tree/Tree.tscn" type="PackedScene" id=5]
[ext_resource path="res://Assets/Grass/Grass.tscn" type="PackedScene" id=6]
[ext_resource path="res://Assets/Cloud/Cloud.tscn" type="PackedScene" id=7]
[ext_resource path="res://Level/CloudSpawner.tscn" type="PackedScene" id=8]

[sub_resource type="SpatialMaterial" id=1]
albedo_color = Color( 0.211765, 0.4, 0.184314, 1 )
albedo_texture = ExtResource( 1 )
uv1_scale = Vector3( 0.2, 0.2, 0.2 )
uv1_triplanar = true

[sub_resource type="ProceduralSky" id=3]

[sub_resource type="Environment" id=2]
background_mode = 3
background_sky = SubResource( 3 )
background_color = Color( 0.486275, 0.647059, 0.898039, 1 )
ambient_light_color = Color( 0.0862745, 0.105882, 0.105882, 1 )
fog_color = Color( 0.619608, 0.619608, 0.423529, 1 )
fog_sun_color = Color( 0.898039, 0.756863, 0.32549, 1 )
fog_depth_end = 200.0

[node name="Level" type="Spatial"]
script = ExtResource( 2 )

[node name="Blocks" type="Spatial" parent="."]

[node name="CSGBox" type="CSGBox" parent="Blocks"]
transform = Transform( 1, 0, 0, 0, 1, 0, 0, 0, 1, 0.669142, -3.62285, -16.6931 )
use_collision = true
width = 176.136
depth = 53.998
material = SubResource( 1 )

[node name="CSGBox2" type="CSGBox" parent="Blocks"]
transform = Transform( 1, 0, 0, 0, 0.995862, -0.0908759, 0, 0.0908759, 0.995862, 0, -3.99258, -19.5357 )
use_collision = true
width = 284.807
depth = 53.998
material = SubResource( 1 )

[node name="Trees" type="Spatial" parent="Blocks"]

[node name="WorldEnvironment" type="WorldEnvironment" parent="Blocks/Trees"]
environment = SubResource( 2 )

[node name="Tree" parent="Blocks/Trees" instance=ExtResource( 5 )]
transform = Transform( 0.827247, 0, 0.561838, 0, 1, 0, -0.561838, 0, 0.827247, -12.2452, -2.30127, 0 )

[node name="Tree2" parent="Blocks/Trees" instance=ExtResource( 5 )]
transform = Transform( 0.932191, 0, 0.361966, 0, 1, 0, -0.361966, 0, 0.932191, 11.6166, -2.30127, 2.78308 )

[node name="Tree3" parent="Blocks/Trees" instance=ExtResource( 5 )]
transform = Transform( 0.942443, 0, -0.334366, 0, 1, 0, 0.334366, 0, 0.942443, 9.54862, -2.85794, -44.4128 )

[node name="Tree4" parent="Blocks/Trees" instance=ExtResource( 5 )]
transform = Transform( 0.896185, 0, -0.443681, 0, 1, 0, 0.443681, 0, 0.896185, 18.0381, -3.33837, -31.0381 )

[node name="Tree5" parent="Blocks/Trees" instance=ExtResource( 5 )]
transform = Transform( 0.932191, 0, 0.361966, 0, 1, 0, -0.361966, 0, 0.932191, -36.3244, -2.30127, -47.7376 )

[node name="Tree6" parent="Blocks/Trees" instance=ExtResource( 5 )]
transform = Transform( 0.736215, 0, 0.676747, 0, 1, 0, -0.676747, 0, 0.736215, -21.5543, -3.58609, -40.2262 )

[node name="Tree7" parent="Blocks/Trees" instance=ExtResource( 5 )]
transform = Transform( 0.640137, 0, 0.768261, 0, 1, 0, -0.768261, 0, 0.640137, -6.70279, -2.30127, -43.4766 )

[node name="Tree14" parent="Blocks/Trees" instance=ExtResource( 5 )]
transform = Transform( 0.640137, 0, 0.768261, 0, 1, 0, -0.768261, 0, 0.640137, 1.73859, -3.7633, -47.3308 )

[node name="Tree15" parent="Blocks/Trees" instance=ExtResource( 5 )]
transform = Transform( 0.640137, 0, 0.768261, 0, 1, 0, -0.768261, 0, 0.640137, -15.1616, -1.72382, -47.3308 )

[node name="Tree16" parent="Blocks/Trees" instance=ExtResource( 5 )]
transform = Transform( 0.640137, 0, 0.768261, 0, 1, 0, -0.768261, 0, 0.640137, 18.5634, -2.93265, -47.3308 )

[node name="Tree25" parent="Blocks/Trees" instance=ExtResource( 5 )]
transform = Transform( 0.942443, 0, -0.334366, 0, 1, 0, 0.334366, 0, 0.942443, 18.7421, -2.85794, -44.4128 )

[node name="Tree26" parent="Blocks/Trees" instance=ExtResource( 5 )]
transform = Transform( 0.932191, 0, 0.361966, 0, 1, 0, -0.361966, 0, 0.932191, -27.1309, -2.30127, -47.7376 )

[node name="Tree27" parent="Blocks/Trees" instance=ExtResource( 5 )]
transform = Transform( 0.640137, 0, 0.768261, 0, 1, 0, -0.768261, 0, 0.640137, 2.49071, -2.30127, -43.4766 )

[node name="Tree28" parent="Blocks/Trees" instance=ExtResource( 5 )]
transform = Transform( 0.640137, 0, 0.768261, 0, 1, 0, -0.768261, 0, 0.640137, 10.9321, -3.7633, -47.3308 )

[node name="Tree29" parent="Blocks/Trees" instance=ExtResource( 5 )]
transform = Transform( 0.640137, 0, 0.768261, 0, 1, 0, -0.768261, 0, 0.640137, -5.9681, -1.72382, -47.3308 )

[node name="Tree30" parent="Blocks/Trees" instance=ExtResource( 5 )]
transform = Transform( 0.640137, 0, 0.768261, 0, 1, 0, -0.768261, 0, 0.640137, 27.7569, -2.93265, -47.3308 )

[node name="Tree31" parent="Blocks/Trees" instance=ExtResource( 5 )]
transform = Transform( -0.983502, 0, 0.180897, 0, 1, 0, -0.180897, 0, -0.983502, -44.114, -2.85794, -49.9076 )

[node name="Tree32" parent="Blocks/Trees" instance=ExtResource( 5 )]
transform = Transform( -0.863105, 0, -0.505025, 0, 1, 0, 0.505025, 0, -0.863105, 1.70666, -2.30127, -53.8895 )

[node name="Tree33" parent="Blocks/Trees" instance=ExtResource( 5 )]
transform = Transform( -0.510393, 0, -0.859941, 0, 1, 0, 0.859941, 0, -0.510393, -28.2159, -2.30127, -53.4057 )

[node name="Tree34" parent="Blocks/Trees" instance=ExtResource( 5 )]
transform = Transform( -0.510393, 0, -0.859941, 0, 1, 0, 0.859941, 0, -0.510393, -35.9404, -3.7633, -48.2633 )

[node name="Tree35" parent="Blocks/Trees" instance=ExtResource( 5 )]
transform = Transform( -0.510393, 0, -0.859941, 0, 1, 0, 0.859941, 0, -0.510393, -19.2535, -1.72382, -50.9397 )

[node name="Tree36" parent="Blocks/Trees" instance=ExtResource( 5 )]
transform = Transform( -0.510393, 0, -0.859941, 0, 1, 0, 0.859941, 0, -0.510393, -52.5529, -2.93265, -45.5988 )

[node name="Tree37" parent="Blocks/Trees" instance=ExtResource( 5 )]
transform = Transform( -0.938094, 0, 0.346379, 0, 1, 0, -0.346379, 0, -0.938094, 7.29517, -2.85794, -53.1007 )

[node name="Tree38" parent="Blocks/Trees" instance=ExtResource( 5 )]
transform = Transform( -0.936739, 0, -0.350027, 0, 1, 0, 0.350027, 0, -0.936739, 53.122, -2.30127, -49.1901 )

[node name="Tree39" parent="Blocks/Trees" instance=ExtResource( 5 )]
transform = Transform( -0.6499, 0, -0.76002, 0, 1, 0, 0.76002, 0, -0.6499, 23.5572, -2.30127, -53.8292 )

[node name="Tree40" parent="Blocks/Trees" instance=ExtResource( 5 )]
transform = Transform( -0.6499, 0, -0.76002, 0, 1, 0, 0.76002, 0, -0.6499, 15.0673, -3.7633, -50.0832 )

[node name="Tree41" parent="Blocks/Trees" instance=ExtResource( 5 )]
transform = Transform( -0.6499, 0, -0.76002, 0, 1, 0, 0.76002, 0, -0.6499, 31.9661, -1.72382, -49.8673 )

[node name="Tree42" parent="Blocks/Trees" instance=ExtResource( 5 )]
transform = Transform( -0.6499, 0, -0.76002, 0, 1, 0, 0.76002, 0, -0.6499, -1.75615, -2.93265, -50.2981 )

[node name="Tree43" parent="Blocks/Trees" instance=ExtResource( 5 )]
transform = Transform( -0.938094, 0, 0.346379, 0, 1, 0, -0.346379, 0, -0.938094, 24.4903, -2.85794, -53.1007 )

[node name="Tree44" parent="Blocks/Trees" instance=ExtResource( 5 )]
transform = Transform( -0.936739, 0, -0.350027, 0, 1, 0, 0.350027, 0, -0.936739, 70.3171, -2.30127, -49.1901 )

[node name="Tree45" parent="Blocks/Trees" instance=ExtResource( 5 )]
transform = Transform( -0.6499, 0, -0.76002, 0, 1, 0, 0.76002, 0, -0.6499, 40.7524, -2.30127, -53.8292 )

[node name="Tree46" parent="Blocks/Trees" instance=ExtResource( 5 )]
transform = Transform( -0.6499, 0, -0.76002, 0, 1, 0, 0.76002, 0, -0.6499, 32.2624, -3.7633, -50.0832 )

[node name="Tree47" parent="Blocks/Trees" instance=ExtResource( 5 )]
transform = Transform( -0.6499, 0, -0.76002, 0, 1, 0, 0.76002, 0, -0.6499, 49.1612, -1.72382, -49.8673 )

[node name="Tree48" parent="Blocks/Trees" instance=ExtResource( 5 )]
transform = Transform( -0.6499, 0, -0.76002, 0, 1, 0, 0.76002, 0, -0.6499, 15.439, -2.93265, -50.2981 )

[node name="Tree49" parent="Blocks/Trees" instance=ExtResource( 5 )]
transform = Transform( -0.938094, 0, 0.346379, 0, 1, 0, -0.346379, 0, -0.938094, 37.7406, -2.85794, -53.1007 )

[node name="Tree50" parent="Blocks/Trees" instance=ExtResource( 5 )]
transform = Transform( -0.936739, 0, -0.350027, 0, 1, 0, 0.350027, 0, -0.936739, 83.5674, -2.30127, -49.1901 )

[node name="Tree51" parent="Blocks/Trees" instance=ExtResource( 5 )]
transform = Transform( -0.6499, 0, -0.76002, 0, 1, 0, 0.76002, 0, -0.6499, 54.0026, -2.30127, -53.8292 )

[node name="Tree52" parent="Blocks/Trees" instance=ExtResource( 5 )]
transform = Transform( -0.6499, 0, -0.76002, 0, 1, 0, 0.76002, 0, -0.6499, 45.5127, -3.7633, -50.0832 )

[node name="Tree53" parent="Blocks/Trees" instance=ExtResource( 5 )]
transform = Transform( -0.6499, 0, -0.76002, 0, 1, 0, 0.76002, 0, -0.6499, 62.4115, -1.72382, -49.8673 )

[node name="Tree54" parent="Blocks/Trees" instance=ExtResource( 5 )]
transform = Transform( -0.6499, 0, -0.76002, 0, 1, 0, 0.76002, 0, -0.6499, 28.6893, -2.93265, -50.2981 )

[node name="Tree55" parent="Blocks/Trees" instance=ExtResource( 5 )]
transform = Transform( -0.938094, 0, 0.346379, 0, 1, 0, -0.346379, 0, -0.938094, -37.7834, -5.27525, -53.1007 )

[node name="Tree56" parent="Blocks/Trees" instance=ExtResource( 5 )]
transform = Transform( -0.936739, 0, -0.350027, 0, 1, 0, 0.350027, 0, -0.936739, 8.04343, -4.71858, -49.1901 )

[node name="Tree57" parent="Blocks/Trees" instance=ExtResource( 5 )]
transform = Transform( -0.6499, 0, -0.76002, 0, 1, 0, 0.76002, 0, -0.6499, -21.5213, -4.71858, -53.8292 )

[node name="Tree58" parent="Blocks/Trees" instance=ExtResource( 5 )]
transform = Transform( -0.6499, 0, -0.76002, 0, 1, 0, 0.76002, 0, -0.6499, -30.0113, -6.18061, -50.0832 )

[node name="Tree59" parent="Blocks/Trees" instance=ExtResource( 5 )]
transform = Transform( -0.6499, 0, -0.76002, 0, 1, 0, 0.76002, 0, -0.6499, -13.1124, -4.14113, -49.8673 )

[node name="Tree60" parent="Blocks/Trees" instance=ExtResource( 5 )]
transform = Transform( -0.6499, 0, -0.76002, 0, 1, 0, 0.76002, 0, -0.6499, -46.8347, -5.34996, -50.2981 )

[node name="Tree61" parent="Blocks/Trees" instance=ExtResource( 5 )]
transform = Transform( -0.938094, 0, 0.346379, 0, 1, 0, -0.346379, 0, -0.938094, -17.2211, -3.66471, -53.1007 )

[node name="Tree62" parent="Blocks/Trees" instance=ExtResource( 5 )]
transform = Transform( -0.936739, 0, -0.350027, 0, 1, 0, 0.350027, 0, -0.936739, 28.6057, -3.10804, -49.1901 )

[node name="Tree63" parent="Blocks/Trees" instance=ExtResource( 5 )]
transform = Transform( -0.6499, 0, -0.76002, 0, 1, 0, 0.76002, 0, -0.6499, -0.959057, -3.10804, -53.8292 )

[node name="Tree64" parent="Blocks/Trees" instance=ExtResource( 5 )]
transform = Transform( -0.6499, 0, -0.76002, 0, 1, 0, 0.76002, 0, -0.6499, -9.44899, -4.57007, -50.0832 )

[node name="Tree65" parent="Blocks/Trees" instance=ExtResource( 5 )]
transform = Transform( -0.6499, 0, -0.76002, 0, 1, 0, 0.76002, 0, -0.6499, 7.44982, -2.53059, -49.8673 )

[node name="Tree66" parent="Blocks/Trees" instance=ExtResource( 5 )]
transform = Transform( -0.6499, 0, -0.76002, 0, 1, 0, 0.76002, 0, -0.6499, -26.2724, -3.73942, -50.2981 )

[node name="Tree67" parent="Blocks/Trees" instance=ExtResource( 5 )]
transform = Transform( -0.938094, 0, 0.346379, 0, 1, 0, -0.346379, 0, -0.938094, -17.2211, -3.66471, -68.9315 )

[node name="Tree68" parent="Blocks/Trees" instance=ExtResource( 5 )]
transform = Transform( -0.936739, 0, -0.350027, 0, 1, 0, 0.350027, 0, -0.936739, 28.6057, -3.10804, -65.0209 )

[node name="Tree69" parent="Blocks/Trees" instance=ExtResource( 5 )]
transform = Transform( -0.6499, 0, -0.76002, 0, 1, 0, 0.76002, 0, -0.6499, -0.959057, -3.10804, -69.66 )

[node name="Tree70" parent="Blocks/Trees" instance=ExtResource( 5 )]
transform = Transform( -0.6499, 0, -0.76002, 0, 1, 0, 0.76002, 0, -0.6499, -9.44899, -4.57007, -65.9139 )

[node name="Tree71" parent="Blocks/Trees" instance=ExtResource( 5 )]
transform = Transform( -0.6499, 0, -0.76002, 0, 1, 0, 0.76002, 0, -0.6499, 7.44982, -2.53059, -65.698 )

[node name="Tree72" parent="Blocks/Trees" instance=ExtResource( 5 )]
transform = Transform( -0.6499, 0, -0.76002, 0, 1, 0, 0.76002, 0, -0.6499, -26.2724, -3.73942, -66.1289 )

[node name="Tree73" parent="Blocks/Trees" instance=ExtResource( 5 )]
transform = Transform( -0.938094, 0, 0.346379, 0, 1, 0, -0.346379, 0, -0.938094, -67.701, -3.66471, -68.9315 )

[node name="Tree74" parent="Blocks/Trees" instance=ExtResource( 5 )]
transform = Transform( -0.936739, 0, -0.350027, 0, 1, 0, 0.350027, 0, -0.936739, -21.8742, -3.10804, -65.0209 )

[node name="Tree75" parent="Blocks/Trees" instance=ExtResource( 5 )]
transform = Transform( -0.6499, 0, -0.76002, 0, 1, 0, 0.76002, 0, -0.6499, -51.439, -3.10804, -69.66 )

[node name="Tree76" parent="Blocks/Trees" instance=ExtResource( 5 )]
transform = Transform( -0.6499, 0, -0.76002, 0, 1, 0, 0.76002, 0, -0.6499, -59.9289, -4.57007, -65.9139 )

[node name="Tree77" parent="Blocks/Trees" instance=ExtResource( 5 )]
transform = Transform( -0.6499, 0, -0.76002, 0, 1, 0, 0.76002, 0, -0.6499, -43.0301, -2.53059, -65.698 )

[node name="Tree78" parent="Blocks/Trees" instance=ExtResource( 5 )]
transform = Transform( -0.6499, 0, -0.76002, 0, 1, 0, 0.76002, 0, -0.6499, -76.7523, -3.73942, -66.1289 )

[node name="Tree79" parent="Blocks/Trees" instance=ExtResource( 5 )]
transform = Transform( 0.979052, 0, -0.203607, 0, 1, 0, 0.203607, 0, 0.979052, 70.5648, -3.17261, -55.3037 )

[node name="Tree80" parent="Blocks/Trees" instance=ExtResource( 5 )]
transform = Transform( 0.87456, 0, 0.484916, 0, 1, 0, -0.484916, 0, 0.87456, 24.6643, -2.61594, -52.3832 )

[node name="Tree81" parent="Blocks/Trees" instance=ExtResource( 5 )]
transform = Transform( 0.530157, 0, 0.8479, 0, 1, 0, -0.8479, 0, 0.530157, 54.5901, -2.61594, -52.1745 )

[node name="Tree82" parent="Blocks/Trees" instance=ExtResource( 5 )]
transform = Transform( 0.530157, 0, 0.8479, 0, 1, 0, -0.8479, 0, 0.530157, 62.4315, -4.07797, -57.1367 )

[node name="Tree83" parent="Blocks/Trees" instance=ExtResource( 5 )]
transform = Transform( 0.530157, 0, 0.8479, 0, 1, 0, -0.8479, 0, 0.530157, 45.6871, -2.03849, -54.8472 )

[node name="Tree84" parent="Blocks/Trees" instance=ExtResource( 5 )]
transform = Transform( 0.530157, 0, 0.8479, 0, 1, 0, -0.8479, 0, 0.530157, 79.1012, -3.24732, -59.4161 )

[node name="Tree85" parent="Blocks/Trees" instance=ExtResource( 5 )]
transform = Transform( 0.979052, 0, -0.203607, 0, 1, 0, 0.203607, 0, 0.979052, -26.738, -5.38112, -55.3037 )

[node name="Tree86" parent="Blocks/Trees" instance=ExtResource( 5 )]
transform = Transform( 0.87456, 0, 0.484916, 0, 1, 0, -0.484916, 0, 0.87456, -72.6385, -4.82445, -52.3832 )

[node name="Tree87" parent="Blocks/Trees" instance=ExtResource( 5 )]
transform = Transform( 0.530157, 0, 0.8479, 0, 1, 0, -0.8479, 0, 0.530157, -42.7127, -4.82445, -52.1745 )

[node name="Tree88" parent="Blocks/Trees" instance=ExtResource( 5 )]
transform = Transform( 0.530157, 0, 0.8479, 0, 1, 0, -0.8479, 0, 0.530157, -34.8713, -6.28648, -57.1367 )

[node name="Tree89" parent="Blocks/Trees" instance=ExtResource( 5 )]
transform = Transform( 0.530157, 0, 0.8479, 0, 1, 0, -0.8479, 0, 0.530157, -51.6157, -4.247, -54.8472 )

[node name="Tree90" parent="Blocks/Trees" instance=ExtResource( 5 )]
transform = Transform( 0.530157, 0, 0.8479, 0, 1, 0, -0.8479, 0, 0.530157, -18.2016, -5.45583, -59.4161 )

[node name="Tree91" parent="Blocks/Trees" instance=ExtResource( 5 )]
transform = Transform( 0.979052, 0, -0.203607, 0, 1, 0, 0.203607, 0, 0.979052, 19.0434, -0.536842, -55.3037 )

[node name="Tree92" parent="Blocks/Trees" instance=ExtResource( 5 )]
transform = Transform( 0.87456, 0, 0.484916, 0, 1, 0, -0.484916, 0, 0.87456, -26.8572, 0.0198278, -52.3832 )

[node name="Tree93" parent="Blocks/Trees" instance=ExtResource( 5 )]
transform = Transform( 0.530157, 0, 0.8479, 0, 1, 0, -0.8479, 0, 0.530157, 3.06859, 0.0198278, -52.1745 )

[node name="Tree94" parent="Blocks/Trees" instance=ExtResource( 5 )]
transform = Transform( 0.530157, 0, 0.8479, 0, 1, 0, -0.8479, 0, 0.530157, 10.91, -1.4422, -57.1367 )

[node name="Tree95" parent="Blocks/Trees" instance=ExtResource( 5 )]
transform = Transform( 0.530157, 0, 0.8479, 0, 1, 0, -0.8479, 0, 0.530157, -5.83438, 0.597278, -54.8472 )

[node name="Tree96" parent="Blocks/Trees" instance=ExtResource( 5 )]
transform = Transform( 0.530157, 0, 0.8479, 0, 1, 0, -0.8479, 0, 0.530157, 27.5797, -0.611552, -59.4161 )

[node name="Tree97" parent="Blocks/Trees" instance=ExtResource( 5 )]
transform = Transform( 0.979052, 0, -0.203607, 0, 1, 0, 0.203607, 0, 0.979052, 56.4023, -0.536842, -55.3037 )

[node name="Tree98" parent="Blocks/Trees" instance=ExtResource( 5 )]
transform = Transform( 0.87456, 0, 0.484916, 0, 1, 0, -0.484916, 0, 0.87456, 10.5018, 0.0198278, -52.3832 )

[node name="Tree99" parent="Blocks/Trees" instance=ExtResource( 5 )]
transform = Transform( 0.530157, 0, 0.8479, 0, 1, 0, -0.8479, 0, 0.530157, 40.4275, 0.0198278, -52.1745 )

[node name="Tree100" parent="Blocks/Trees" instance=ExtResource( 5 )]
transform = Transform( 0.530157, 0, 0.8479, 0, 1, 0, -0.8479, 0, 0.530157, 48.269, -1.4422, -57.1367 )

[node name="Tree101" parent="Blocks/Trees" instance=ExtResource( 5 )]
transform = Transform( 0.530157, 0, 0.8479, 0, 1, 0, -0.8479, 0, 0.530157, 31.5246, 0.597278, -54.8472 )

[node name="Tree102" parent="Blocks/Trees" instance=ExtResource( 5 )]
transform = Transform( 0.530157, 0, 0.8479, 0, 1, 0, -0.8479, 0, 0.530157, 64.9387, -0.611552, -59.4161 )

[node name="Tree103" parent="Blocks/Trees" instance=ExtResource( 5 )]
transform = Transform( 0.979052, 0, -0.203607, 0, 1, 0, 0.203607, 0, 0.979052, 0.605141, -0.536842, -55.3037 )

[node name="Tree104" parent="Blocks/Trees" instance=ExtResource( 5 )]
transform = Transform( 0.87456, 0, 0.484916, 0, 1, 0, -0.484916, 0, 0.87456, -45.2954, 0.0198278, -52.3832 )

[node name="Tree105" parent="Blocks/Trees" instance=ExtResource( 5 )]
transform = Transform( 0.530157, 0, 0.8479, 0, 1, 0, -0.8479, 0, 0.530157, -15.3696, 0.0198278, -52.1745 )

[node name="Tree106" parent="Blocks/Trees" instance=ExtResource( 5 )]
transform = Transform( 0.530157, 0, 0.8479, 0, 1, 0, -0.8479, 0, 0.530157, -7.5282, -1.4422, -57.1367 )

[node name="Tree107" parent="Blocks/Trees" instance=ExtResource( 5 )]
transform = Transform( 0.530157, 0, 0.8479, 0, 1, 0, -0.8479, 0, 0.530157, -24.2726, 0.597278, -54.8472 )

[node name="Tree108" parent="Blocks/Trees" instance=ExtResource( 5 )]
transform = Transform( 0.530157, 0, 0.8479, 0, 1, 0, -0.8479, 0, 0.530157, 9.1415, -0.611552, -59.4161 )

[node name="Tree109" parent="Blocks/Trees" instance=ExtResource( 5 )]
transform = Transform( 0.979052, 0, -0.203607, 0, 1, 0, 0.203607, 0, 0.979052, 12.3447, 1.0096, -75.524 )

[node name="Tree110" parent="Blocks/Trees" instance=ExtResource( 5 )]
transform = Transform( 0.87456, 0, 0.484916, 0, 1, 0, -0.484916, 0, 0.87456, -33.5559, 1.56627, -72.6036 )

[node name="Tree111" parent="Blocks/Trees" instance=ExtResource( 5 )]
transform = Transform( 0.530157, 0, 0.8479, 0, 1, 0, -0.8479, 0, 0.530157, -3.63011, -1.62572, -72.3948 )

[node name="Tree112" parent="Blocks/Trees" instance=ExtResource( 5 )]
transform = Transform( 0.530157, 0, 0.8479, 0, 1, 0, -0.8479, 0, 0.530157, 4.21132, -3.08775, -77.3571 )

[node name="Tree113" parent="Blocks/Trees" instance=ExtResource( 5 )]
transform = Transform( 0.530157, 0, 0.8479, 0, 1, 0, -0.8479, 0, 0.530157, -12.5331, -1.04827, -75.0675 )

[node name="Tree114" parent="Blocks/Trees" instance=ExtResource( 5 )]
transform = Transform( 0.530157, 0, 0.8479, 0, 1, 0, -0.8479, 0, 0.530157, 20.881, 0.934888, -79.6364 )

[node name="Tree115" parent="Blocks/Trees" instance=ExtResource( 5 )]
transform = Transform( 0.979052, 0, -0.203607, 0, 1, 0, 0.203607, 0, 0.979052, 83.7651, 1.58592, -75.524 )

[node name="Tree116" parent="Blocks/Trees" instance=ExtResource( 5 )]
transform = Transform( 0.87456, 0, 0.484916, 0, 1, 0, -0.484916, 0, 0.87456, 37.8646, 2.14259, -72.6036 )

[node name="Tree117" parent="Blocks/Trees" instance=ExtResource( 5 )]
transform = Transform( 0.530157, 0, 0.8479, 0, 1, 0, -0.8479, 0, 0.530157, 67.7903, 2.14259, -72.3948 )

[node name="Tree118" parent="Blocks/Trees" instance=ExtResource( 5 )]
transform = Transform( 0.530157, 0, 0.8479, 0, 1, 0, -0.8479, 0, 0.530157, 75.6318, 0.680564, -77.3571 )

[node name="Tree119" parent="Blocks/Trees" instance=ExtResource( 5 )]
transform = Transform( 0.530157, 0, 0.8479, 0, 1, 0, -0.8479, 0, 0.530157, 58.8874, 2.72004, -75.0675 )

[node name="Tree120" parent="Blocks/Trees" instance=ExtResource( 5 )]
transform = Transform( 0.530157, 0, 0.8479, 0, 1, 0, -0.8479, 0, 0.530157, 92.3015, 1.51121, -79.6364 )

[node name="Tree121" parent="Blocks/Trees" instance=ExtResource( 5 )]
transform = Transform( 0.979052, 0, -0.203607, 0, 1, 0, 0.203607, 0, 0.979052, 81.4036, -1.38653, -62.0792 )

[node name="Tree122" parent="Blocks/Trees" instance=ExtResource( 5 )]
transform = Transform( 0.87456, 0, 0.484916, 0, 1, 0, -0.484916, 0, 0.87456, 35.5031, -0.829856, -59.1587 )

[node name="Tree123" parent="Blocks/Trees" instance=ExtResource( 5 )]
transform = Transform( 0.530157, 0, 0.8479, 0, 1, 0, -0.8479, 0, 0.530157, 65.4289, -0.829856, -58.95 )

[node name="Tree124" parent="Blocks/Trees" instance=ExtResource( 5 )]
transform = Transform( 0.530157, 0, 0.8479, 0, 1, 0, -0.8479, 0, 0.530157, 73.2703, -2.29189, -63.9122 )

[node name="Tree125" parent="Blocks/Trees" instance=ExtResource( 5 )]
transform = Transform( 0.530157, 0, 0.8479, 0, 1, 0, -0.8479, 0, 0.530157, 56.5259, -0.252406, -61.6227 )

[node name="Tree126" parent="Blocks/Trees" instance=ExtResource( 5 )]
transform = Transform( 0.530157, 0, 0.8479, 0, 1, 0, -0.8479, 0, 0.530157, 89.94, -1.46124, -66.1915 )

[node name="Tree17" parent="Blocks/Trees" instance=ExtResource( 5 )]
transform = Transform( 0.640137, 0, 0.768261, 0, 1, 0, -0.768261, 0, 0.640137, 14.0011, -1.69835, -67.2195 )

[node name="Tree18" parent="Blocks/Trees" instance=ExtResource( 5 )]
transform = Transform( 0.640137, 0, 0.768261, 0, 1, 0, -0.768261, 0, 0.640137, -3.55842, -2.30127, -74.6927 )

[node name="Tree19" parent="Blocks/Trees" instance=ExtResource( 5 )]
transform = Transform( 0.640137, 0, 0.768261, 0, 1, 0, -0.768261, 0, 0.640137, -3.55842, -9.10379, -25.0191 )

[node name="Tree20" parent="Blocks/Trees" instance=ExtResource( 5 )]
transform = Transform( 0.640137, 0, 0.768261, 0, 1, 0, -0.768261, 0, 0.640137, 12.359, -9.10379, -36.1133 )

[node name="Tree21" parent="Blocks/Trees" instance=ExtResource( 5 )]
transform = Transform( 0.640137, 0, 0.768261, 0, 1, 0, -0.768261, 0, 0.640137, -7.45764, -9.10379, -36.1133 )

[node name="Tree22" parent="Blocks/Trees" instance=ExtResource( 5 )]
transform = Transform( 0.640137, 0, 0.768261, 0, 1, 0, -0.768261, 0, 0.640137, 18.1072, -9.10379, -10.9331 )

[node name="Tree23" parent="Blocks/Trees" instance=ExtResource( 5 )]
transform = Transform( 0.640137, 0, 0.768261, 0, 1, 0, -0.768261, 0, 0.640137, 9.68652, -10.0886, -12.9365 )

[node name="Tree24" parent="Blocks/Trees" instance=ExtResource( 5 )]
transform = Transform( 0.191666, 0, 0.98146, 0, 1, 0, -0.98146, 0, 0.191666, -7.01301, -10.1082, -2.55389 )

[node name="Tree127" parent="Blocks/Trees" instance=ExtResource( 5 )]
transform = Transform( 0.191666, 0, 0.98146, 0, 1, 0, -0.98146, 0, 0.191666, -29.061, -10.1082, -19.6928 )

[node name="Tree128" parent="Blocks/Trees" instance=ExtResource( 5 )]
transform = Transform( 0.191666, 0, 0.98146, 0, 1, 0, -0.98146, 0, 0.191666, -29.061, -7.24118, -52.1039 )

[node name="Tree129" parent="Blocks/Trees" instance=ExtResource( 5 )]
transform = Transform( 0.191666, 0, 0.98146, 0, 1, 0, -0.98146, 0, 0.191666, -25.8672, -7.24118, -52.1039 )

[node name="Tree130" parent="Blocks/Trees" instance=ExtResource( 5 )]
transform = Transform( 0.191666, 0, 0.98146, 0, 1, 0, -0.98146, 0, 0.191666, -16.8001, -7.24118, -52.1039 )

[node name="Tree131" parent="Blocks/Trees" instance=ExtResource( 5 )]
transform = Transform( 0.191666, 0, 0.98146, 0, 1, 0, -0.98146, 0, 0.191666, -54.4471, -7.24118, -52.1039 )

[node name="Tree132" parent="Blocks/Trees" instance=ExtResource( 5 )]
transform = Transform( 0.191666, 0, 0.98146, 0, 1, 0, -0.98146, 0, 0.191666, -67.5604, -7.24118, -52.1039 )

[node name="Tree133" parent="Blocks/Trees" instance=ExtResource( 5 )]
transform = Transform( 0.191666, 0, 0.98146, 0, 1, 0, -0.98146, 0, 0.191666, 46.8651, -7.24118, -52.1039 )

[node name="Tree134" parent="Blocks/Trees" instance=ExtResource( 5 )]
transform = Transform( 0.191666, 0, 0.98146, 0, 1, 0, -0.98146, 0, 0.191666, 38.6629, -7.24118, -52.1039 )

[node name="Tree135" parent="Blocks/Trees" instance=ExtResource( 5 )]
transform = Transform( 0.191666, 0, 0.98146, 0, 1, 0, -0.98146, 0, 0.191666, 24.9083, -7.24118, -52.1039 )

[node name="Tree136" parent="Blocks/Trees" instance=ExtResource( 5 )]
transform = Transform( 0.191666, 0, 0.98146, 0, 1, 0, -0.98146, 0, 0.191666, 11.9083, -7.24118, -52.1039 )

[node name="Tree137" parent="Blocks/Trees" instance=ExtResource( 5 )]
transform = Transform( 0.191666, 0, 0.98146, 0, 1, 0, -0.98146, 0, 0.191666, -2.09174, -7.24118, -52.1039 )

[node name="Tree138" parent="Blocks/Trees" instance=ExtResource( 5 )]
transform = Transform( 0.191666, 0, 0.98146, 0, 1, 0, -0.98146, 0, 0.191666, 62.1176, -7.24118, -52.1039 )

[node name="Tree139" parent="Blocks/Trees" instance=ExtResource( 5 )]
transform = Transform( 0.191666, 0, 0.98146, 0, 1, 0, -0.98146, 0, 0.191666, 70.6751, -7.24118, -52.1039 )

[node name="Tree140" parent="Blocks/Trees" instance=ExtResource( 5 )]
transform = Transform( 0.191666, 0, 0.98146, 0, 1, 0, -0.98146, 0, 0.191666, 82.1263, -7.24118, -52.1039 )

[node name="Tree141" parent="Blocks/Trees" instance=ExtResource( 5 )]
transform = Transform( 0.191666, 0, 0.98146, 0, 1, 0, -0.98146, 0, 0.191666, 78.1263, -7.24118, -52.1039 )

[node name="Tree142" parent="Blocks/Trees" instance=ExtResource( 5 )]
transform = Transform( 0.191666, 0, 0.98146, 0, 1, 0, -0.98146, 0, 0.191666, 47.5083, -7.24118, -52.1039 )

[node name="Tree143" parent="Blocks/Trees" instance=ExtResource( 5 )]
transform = Transform( 0.191666, 0, 0.98146, 0, 1, 0, -0.98146, 0, 0.191666, 52.7847, -7.24118, -52.1039 )

[node name="Tree144" parent="Blocks/Trees" instance=ExtResource( 5 )]
transform = Transform( 0.191666, 0, 0.98146, 0, 1, 0, -0.98146, 0, 0.191666, 33.079, -7.24118, -52.1039 )

[node name="Tree145" parent="Blocks/Trees" instance=ExtResource( 5 )]
transform = Transform( 0.191666, 0, 0.98146, 0, 1, 0, -0.98146, 0, 0.191666, -10.0632, -7.24118, -52.1039 )

[node name="Tree146" parent="Blocks/Trees" instance=ExtResource( 5 )]
transform = Transform( 0.191666, 0, 0.98146, 0, 1, 0, -0.98146, 0, 0.191666, -10.0632, -7.24118, -52.1039 )

[node name="Tree8" parent="Blocks/Trees" instance=ExtResource( 5 )]
transform = Transform( 0.932191, 0, 0.361966, 0, 1, 0, -0.361966, 0, 0.932191, 27.3747, -2.87823, -41.4839 )

[node name="Tree9" parent="Blocks/Trees" instance=ExtResource( 5 )]
transform = Transform( 0.932191, 0, 0.361966, 0, 1, 0, -0.361966, 0, 0.932191, 28.7472, -2.30127, -27.3718 )

[node name="Tree13" parent="Blocks/Trees" instance=ExtResource( 5 )]
transform = Transform( 0.997926, 0, 0.0643755, 0, 1, 0, -0.0643755, 0, 0.997926, 23.716, -3.07746, -15.3119 )

[node name="Tree10" parent="Blocks/Trees" instance=ExtResource( 5 )]
transform = Transform( 0.932191, 0, 0.361966, 0, 1, 0, -0.361966, 0, 0.932191, -29.9908, -2.84134, -27.3718 )

[node name="Tree11" parent="Blocks/Trees" instance=ExtResource( 5 )]
transform = Transform( 0.783108, 0, 0.621886, 0, 1, 0, -0.621886, 0, 0.783108, -24.0775, -3.26949, -11.4036 )

[node name="Tree12" parent="Blocks/Trees" instance=ExtResource( 5 )]
transform = Transform( 0.941964, 0, 0.335715, 0, 1, 0, -0.335715, 0, 0.941964, -15.0354, -2.30127, -25.9318 )

[node name="Grass" type="Spatial" parent="Blocks"]
transform = Transform( 1, 0, 0, 0, 1, 0, 0, 0, 1, 0, -0.889524, 0 )

[node name="Grass" parent="Blocks/Grass" instance=ExtResource( 6 )]
transform = Transform( 0.196031, 0, -0.0396444, 0, 0.2, 0, 0.0396444, 0, 0.196031, 1.07503, -1.03867, -1.28206 )

[node name="Grass23" parent="Blocks/Grass" instance=ExtResource( 6 )]
transform = Transform( 0.196031, 0, -0.0396444, 0, 0.2, 0, 0.0396444, 0, 0.196031, 7.07503, -1.03867, -5.51116 )

[node name="Grass24" parent="Blocks/Grass" instance=ExtResource( 6 )]
transform = Transform( 0.196031, 0, -0.0396444, 0, 0.2, 0, 0.0396444, 0, 0.196031, 10.075, -1.03867, -3.24298 )

[node name="Grass25" parent="Blocks/Grass" instance=ExtResource( 6 )]
transform = Transform( 0.196031, 0, -0.0396444, 0, 0.2, 0, 0.0396444, 0, 0.196031, 12.741, -1.03867, -3.24298 )

[node name="Grass26" parent="Blocks/Grass" instance=ExtResource( 6 )]
transform = Transform( 0.196031, 0, -0.0396444, 0, 0.2, 0, 0.0396444, 0, 0.196031, 12.741, -1.03867, -3.24298 )

[node name="Grass27" parent="Blocks/Grass" instance=ExtResource( 6 )]
transform = Transform( 0.196031, 0, -0.0396444, 0, 0.2, 0, 0.0396444, 0, 0.196031, 16.955, -1.03867, -3.24298 )

[node name="Grass28" parent="Blocks/Grass" instance=ExtResource( 6 )]
transform = Transform( 0.196031, 0, -0.0396444, 0, 0.2, 0, 0.0396444, 0, 0.196031, -19.045, -1.03867, -3.24298 )

[node name="Grass29" parent="Blocks/Grass" instance=ExtResource( 6 )]
transform = Transform( 0.196031, 0, -0.0396444, 0, 0.2, 0, 0.0396444, 0, 0.196031, -19.045, -1.03867, -9.33772 )

[node name="Grass30" parent="Blocks/Grass" instance=ExtResource( 6 )]
transform = Transform( 0.196031, 0, -0.0396444, 0, 0.2, 0, 0.0396444, 0, 0.196031, -5.74251, -1.03867, -9.33772 )

[node name="Grass31" parent="Blocks/Grass" instance=ExtResource( 6 )]
transform = Transform( 0.196031, 0, -0.0396444, 0, 0.2, 0, 0.0396444, 0, 0.196031, -5.74251, -1.03867, -16.2608 )

[node name="Grass32" parent="Blocks/Grass" instance=ExtResource( 6 )]
transform = Transform( 0.196031, 0, -0.0396444, 0, 0.2, 0, 0.0396444, 0, 0.196031, -13.7425, -1.03867, -16.2608 )

[node name="Grass33" parent="Blocks/Grass" instance=ExtResource( 6 )]
transform = Transform( 0.196031, 0, -0.0396444, 0, 0.2, 0, 0.0396444, 0, 0.196031, -13.7425, -1.03867, -22.6014 )

[node name="Grass34" parent="Blocks/Grass" instance=ExtResource( 6 )]
transform = Transform( 0.196031, 0, -0.0396444, 0, 0.2, 0, 0.0396444, 0, 0.196031, 5.15885, -1.03867, -22.6014 )

[node name="Grass35" parent="Blocks/Grass" instance=ExtResource( 6 )]
transform = Transform( 0.196031, 0, -0.0396444, 0, 0.2, 0, 0.0396444, 0, 0.196031, 5.15885, -1.03867, -22.6014 )

[node name="Grass36" parent="Blocks/Grass" instance=ExtResource( 6 )]
transform = Transform( 0.196031, -0.000132645, -0.0396444, 0.000130013, 0.2, -2.62931e-05, 0.0396444, 0, 0.196031, 5.15885, -1.03867, -16.6014 )

[node name="Grass37" parent="Blocks/Grass" instance=ExtResource( 6 )]
transform = Transform( 0.196031, 0, -0.0396444, 0, 0.2, 0, 0.0396444, 0, 0.196031, 19.1589, -1.03867, -16.6014 )

[node name="Grass38" parent="Blocks/Grass" instance=ExtResource( 6 )]
transform = Transform( 0.196031, 0, -0.0396444, 0, 0.2, 0, 0.0396444, 0, 0.196031, 13.9335, -1.03867, -16.6014 )

[node name="Grass39" parent="Blocks/Grass" instance=ExtResource( 6 )]
transform = Transform( 0.196031, 0, -0.0396444, 0, 0.2, 0, 0.0396444, 0, 0.196031, 13.9335, -1.03867, 5.46195 )

[node name="Grass40" parent="Blocks/Grass" instance=ExtResource( 6 )]
transform = Transform( 0.196031, 0, -0.0396444, 0, 0.2, 0, 0.0396444, 0, 0.196031, -10.2905, -1.03867, 5.46195 )

[node name="Grass41" parent="Blocks/Grass" instance=ExtResource( 6 )]
transform = Transform( 0.196031, 0, -0.0396444, 0, 0.2, 0, 0.0396444, 0, 0.196031, -6.29049, -1.03867, 5.46195 )

[node name="Grass42" parent="Blocks/Grass" instance=ExtResource( 6 )]
transform = Transform( 0.196031, 0, -0.0396444, 0, 0.2, 0, 0.0396444, 0, 0.196031, -6.29049, -1.03867, 2.2573 )

[node name="Grass43" parent="Blocks/Grass" instance=ExtResource( 6 )]
transform = Transform( 0.196031, 0, -0.0396444, 0, 0.2, 0, 0.0396444, 0, 0.196031, -2.14371, -1.03867, 2.2573 )

[node name="Grass65" parent="Blocks/Grass" instance=ExtResource( 6 )]
transform = Transform( 0.196031, 0, -0.0396444, 0, 0.2, 0, 0.0396444, 0, 0.196031, 4.85629, -1.03867, 2.71913 )

[node name="Grass66" parent="Blocks/Grass" instance=ExtResource( 6 )]
transform = Transform( 0.196031, 0, -0.0396444, 0, 0.2, 0, 0.0396444, 0, 0.196031, 6.16655, -1.32972, 0.256857 )

[node name="Grass67" parent="Blocks/Grass" instance=ExtResource( 6 )]
transform = Transform( 0.196031, 0, -0.0396444, 0, 0.2, 0, 0.0396444, 0, 0.196031, 13.7542, -1.03867, 0.501073 )

[node name="Grass68" parent="Blocks/Grass" instance=ExtResource( 6 )]
transform = Transform( 0.196031, 0, -0.0396444, 0, 0.2, 0, 0.0396444, 0, 0.196031, 9.85629, -1.03867, -6.86008 )

[node name="Grass69" parent="Blocks/Grass" instance=ExtResource( 6 )]
transform = Transform( 0.196031, 0, -0.0396444, 0, 0.2, 0, 0.0396444, 0, 0.196031, -2.92152, -1.03867, -6.86008 )

[node name="Grass70" parent="Blocks/Grass" instance=ExtResource( 6 )]
transform = Transform( 0.196031, 0, -0.0396444, 0, 0.2, 0, 0.0396444, 0, 0.196031, -2.92152, -1.03867, -3.4693 )

[node name="Grass71" parent="Blocks/Grass" instance=ExtResource( 6 )]
transform = Transform( 0.196031, 0, -0.0396444, 0, 0.2, 0, 0.0396444, 0, 0.196031, -2.92152, -1.03867, -21.3311 )

[node name="Grass72" parent="Blocks/Grass" instance=ExtResource( 6 )]
transform = Transform( 0.196031, 0, -0.0396444, 0, 0.2, 0, 0.0396444, 0, 0.196031, 12.2177, -1.03867, -21.3311 )

[node name="Grass73" parent="Blocks/Grass" instance=ExtResource( 6 )]
transform = Transform( 0.196031, 0, -0.0396444, 0, 0.2, 0, 0.0396444, 0, 0.196031, -9.93823, -1.03867, -21.3311 )

[node name="Grass74" parent="Blocks/Grass" instance=ExtResource( 6 )]
transform = Transform( 0.196031, 0, -0.0396444, 0, 0.2, 0, 0.0396444, 0, 0.196031, -9.93823, -1.03867, -19.4305 )

[node name="Grass75" parent="Blocks/Grass" instance=ExtResource( 6 )]
transform = Transform( 0.196031, 0, -0.0396444, 0, 0.2, 0, 0.0396444, 0, 0.196031, 18.1535, -1.03867, -19.4305 )

[node name="Grass76" parent="Blocks/Grass" instance=ExtResource( 6 )]
transform = Transform( 0.196031, 0, -0.0396444, 0, 0.2, 0, 0.0396444, 0, 0.196031, 18.1535, -1.03867, -26.4305 )

[node name="Grass77" parent="Blocks/Grass" instance=ExtResource( 6 )]
transform = Transform( 0.196031, 0, -0.0396444, 0, 0.2, 0, 0.0396444, 0, 0.196031, 22.353, -1.03867, -26.4305 )

[node name="Grass78" parent="Blocks/Grass" instance=ExtResource( 6 )]
transform = Transform( 0.196031, 0, -0.0396444, 0, 0.2, 0, 0.0396444, 0, 0.196031, -8.64697, -1.03867, -26.4305 )

[node name="Grass79" parent="Blocks/Grass" instance=ExtResource( 6 )]
transform = Transform( 0.196031, 0, -0.0396444, 0, 0.2, 0, 0.0396444, 0, 0.196031, -23.4424, -1.03867, -26.4305 )

[node name="Grass80" parent="Blocks/Grass" instance=ExtResource( 6 )]
transform = Transform( 0.196031, 0, -0.0396444, 0, 0.2, 0, 0.0396444, 0, 0.196031, -28.4834, -1.03867, -26.4305 )

[node name="Grass81" parent="Blocks/Grass" instance=ExtResource( 6 )]
transform = Transform( 0.196031, 0, -0.0396444, 0, 0.2, 0, 0.0396444, 0, 0.196031, -28.4834, -1.03867, -20.4742 )

[node name="Grass82" parent="Blocks/Grass" instance=ExtResource( 6 )]
transform = Transform( 0.196031, 0, -0.0396444, 0, 0.2, 0, 0.0396444, 0, 0.196031, -25.6961, -1.03867, -20.4742 )

[node name="Grass83" parent="Blocks/Grass" instance=ExtResource( 6 )]
transform = Transform( 0.196031, 0, -0.0396444, 0, 0.2, 0, 0.0396444, 0, 0.196031, -25.6961, -1.03867, -10.9229 )

[node name="Grass84" parent="Blocks/Grass" instance=ExtResource( 6 )]
transform = Transform( 0.196031, 0, -0.0396444, 0, 0.2, 0, 0.0396444, 0, 0.196031, -17.683, -1.03867, -10.9229 )

[node name="Grass85" parent="Blocks/Grass" instance=ExtResource( 6 )]
transform = Transform( 0.196031, 0, -0.0396444, 0, 0.2, 0, 0.0396444, 0, 0.196031, -17.683, 0.995976, -44.9345 )

[node name="Grass86" parent="Blocks/Grass" instance=ExtResource( 6 )]
transform = Transform( 0.196031, 0, -0.0396444, 0, 0.2, 0, 0.0396444, 0, 0.196031, -11.683, 0.995976, -44.9345 )

[node name="Grass87" parent="Blocks/Grass" instance=ExtResource( 6 )]
transform = Transform( 0.196031, 0, -0.0396444, 0, 0.2, 0, 0.0396444, 0, 0.196031, -3.68299, 0.995976, -44.9345 )

[node name="Grass88" parent="Blocks/Grass" instance=ExtResource( 6 )]
transform = Transform( 0.196031, 0, -0.0396444, 0, 0.2, 0, 0.0396444, 0, 0.196031, 4.31701, 0.995976, -44.9345 )

[node name="Grass89" parent="Blocks/Grass" instance=ExtResource( 6 )]
transform = Transform( 0.196031, 0, -0.0396444, 0, 0.2, 0, 0.0396444, 0, 0.196031, 6.52719, 0.995976, -44.9345 )

[node name="Grass90" parent="Blocks/Grass" instance=ExtResource( 6 )]
transform = Transform( 0.196031, 0, -0.0396444, 0, 0.2, 0, 0.0396444, 0, 0.196031, 13.5272, 0.995976, -44.9345 )

[node name="Grass91" parent="Blocks/Grass" instance=ExtResource( 6 )]
transform = Transform( 0.196031, 0, -0.0396444, 0, 0.2, 0, 0.0396444, 0, 0.196031, 14.5272, 0.995976, -44.9345 )

[node name="Grass92" parent="Blocks/Grass" instance=ExtResource( 6 )]
transform = Transform( 0.196031, 0, -0.0396444, 0, 0.2, 0, 0.0396444, 0, 0.196031, 9.52719, 0.995976, -44.9345 )

[node name="Grass93" parent="Blocks/Grass" instance=ExtResource( 6 )]
transform = Transform( 0.196031, 0, -0.0396444, 0, 0.2, 0, 0.0396444, 0, 0.196031, 18.5272, 0.995976, -44.9345 )

[node name="Grass94" parent="Blocks/Grass" instance=ExtResource( 6 )]
transform = Transform( 0.196031, 0, -0.0396444, 0, 0.2, 0, 0.0396444, 0, 0.196031, 22.0558, 0.995976, -44.9345 )

[node name="Grass95" parent="Blocks/Grass" instance=ExtResource( 6 )]
transform = Transform( 0.196031, 0, -0.0396444, 0, 0.2, 0, 0.0396444, 0, 0.196031, 25.0558, 0.995976, -44.9345 )

[node name="Grass96" parent="Blocks/Grass" instance=ExtResource( 6 )]
transform = Transform( 0.196031, 0, -0.0396444, 0, 0.2, 0, 0.0396444, 0, 0.196031, 25.0558, 0.995976, -44.9345 )

[node name="Grass97" parent="Blocks/Grass" instance=ExtResource( 6 )]
transform = Transform( 0.196031, 0, -0.0396444, 0, 0.2, 0, 0.0396444, 0, 0.196031, 30.0558, 0.995976, -44.9345 )

[node name="Grass98" parent="Blocks/Grass" instance=ExtResource( 6 )]
transform = Transform( 0.196031, 0, -0.0396444, 0, 0.2, 0, 0.0396444, 0, 0.196031, 34.0558, 0.995976, -44.9345 )

[node name="Grass118" parent="Blocks/Grass" instance=ExtResource( 6 )]
transform = Transform( 0.196031, 0, -0.0396444, 0, 0.2, 0, 0.0396444, 0, 0.196031, 38.8551, 0.995976, -44.9345 )

[node name="Grass119" parent="Blocks/Grass" instance=ExtResource( 6 )]
transform = Transform( 0.196031, 0, -0.0396444, 0, 0.2, 0, 0.0396444, 0, 0.196031, 42.8551, 0.995976, -44.9345 )

[node name="Grass120" parent="Blocks/Grass" instance=ExtResource( 6 )]
transform = Transform( 0.196031, 0, -0.0396444, 0, 0.2, 0, 0.0396444, 0, 0.196031, 45.8551, 0.995976, -44.9345 )

[node name="Grass121" parent="Blocks/Grass" instance=ExtResource( 6 )]
transform = Transform( 0.196031, 0, -0.0396444, 0, 0.2, 0, 0.0396444, 0, 0.196031, 42.3522, 0.995976, -44.9345 )

[node name="Grass122" parent="Blocks/Grass" instance=ExtResource( 6 )]
transform = Transform( 0.196031, 0, -0.0396444, 0, 0.2, 0, 0.0396444, 0, 0.196031, 36.3522, 0.995976, -55.4027 )

[node name="Grass123" parent="Blocks/Grass" instance=ExtResource( 6 )]
transform = Transform( 0.196031, 0, -0.0396444, 0, 0.2, 0, 0.0396444, 0, 0.196031, 36.3522, 0.995976, -50.6577 )

[node name="Grass124" parent="Blocks/Grass" instance=ExtResource( 6 )]
transform = Transform( 0.196031, 0, -0.0396444, 0, 0.2, 0, 0.0396444, 0, 0.196031, 40.3522, 0.995976, -50.6577 )

[node name="Grass125" parent="Blocks/Grass" instance=ExtResource( 6 )]
transform = Transform( 0.196031, 0, -0.0396444, 0, 0.2, 0, 0.0396444, 0, 0.196031, -22.1666, 0.995976, -50.6577 )

[node name="Grass126" parent="Blocks/Grass" instance=ExtResource( 6 )]
